# mainnet_urls: ['https://api.mainnet-beta.solana.com']
# testnet_urls: ['https://testnet.solana.com:8899']

# Get Epoch Info
curl http://solana-tds:8899 -X POST -H "Content-Type: application/json" -d '{"jsonrpc":"2.0","id":1, "method":"getEpochInfo"}'

# Results
{"jsonrpc":"2.0","result":{"absoluteSlot":61123742,"blockHeight":49612208,"epoch":154,"slotIndex":119486,"slotsInEpoch":432000,"transactionCount":10756122116},"id":1}

# Get Vote Accounts
curl http://solana-tds:8899 -X POST -H "Content-Type: application/json" -d '{"jsonrpc":"2.0","id":1, "method":"getVoteAccounts"}'

# Results
# History of how many credits earned by the end of each epoch, as an array of
# arrays containing: [epoch, credits, previousCredits]
{"activatedStake":55806163994880,"commission":100,"epochCredits":[[90,354297,0],[91,785364,354297],[92,1155780,785364],[93,1450822,1155780],[94,1755235,1450822],[95,1963010,1755235],[96,2190683,1963010],[97,2424403,2190683],[98,2654848,2424403],[99,2857666,2654848],[100,3129819,2857666],[101,3420265,3129819],[102,3695040,3420265],[103,3984357,3695040],[104,4261736,3984357],[105,4569401,4261736],[106,4893489,4569401],[107,5223740,4893489],[108,5555603,5223740],[109,5881548,5555603],[110,6209425,5881548],[111,6542796,6209425],[112,6861394,6542796],[113,7193566,6861394],[114,7524464,7193566],[115,7832949,7524464],[116,8135705,7832949],[117,8442232,8135705],[118,8745864,8442232],[119,8894839,8745864],[120,9129539,8894839],[121,9416964,9129539],[122,9719307,9416964],[123,10010338,9719307],[124,10301983,10010338],[125,10610101,10301983],[126,10917830,10610101],[127,11211021,10917830],[128,11514303,11211021],[129,11679806,11514303],[131,11814335,11679806],[132,12140301,11814335],[133,12410318,12140301],[134,12719258,12410318],[135,13009594,12719258],[136,13307805,13009594],[137,13618553,13307805],[138,13904146,13618553],[139,14205449,13904146],[140,14506866,14205449],[141,14853788,14506866],[142,15185395,14853788],[143,15521107,15185395],[144,15916179,15521107],[145,16314587,15916179],[146,16707825,16314587],[147,17059066,16707825],[148,17422840,17059066],[149,17788789,17422840],[150,18179061,17788789],[151,18571887,18179061],[152,18917640,18571887],[153,19322634,18917640],[154,19436326,19322634]],"epochVoteAccount":true,"lastVote":61124037,"nodePubkey":"71bhKKL89U3dNHzuZVZ7KarqV6XtHEgjXjvJTsguD11B","rootSlot":61124006,"votePubkey":"8zipsAVJU28GyirnyUNwt2yjTNuNusq3ZiJoVn41EgJE"}
